,ANICE-ITM_Berends,CESM_kampenhout,dEBM_krebs,HIRHAM_mottram,NHM-SMAP_niwano,RACMO_noel,SNOWMODEL_liston
1980-01-31,45894600025.52533,11375028438.203978,24820940963.512142,45846489234.447876,23025542877.83839,32862112204.066654,1.9672236000520745e+44
1980-02-29,37376137141.1289,5112947207.418139,15111365139.08354,26554534773.189056,4042672324.250606,13769579307.38838,1.9672236000520745e+44
1980-03-31,40629827808.50534,9131933739.068298,18846510639.59205,24354982127.524155,5558595878.533117,16943355504.21245,1.9672236000520745e+44
1980-04-30,55129898322.07663,4090620635.9649696,31981392083.939514,55947738942.41701,48946806572.45355,34422799098.79166,1.9672236000520745e+44
1980-05-31,-18151381356.173546,24321329447.130474,15606878751.399206,9816091384.915808,-134408880.91096124,12122416570.391468,1.9672236000520745e+44
1980-06-30,-167646619804.87775,-46076816669.66832,5907800886.384463,-25769384199.95417,8475490139.091998,-40347949792.57228,1.9672236000520745e+44
1980-07-31,-370657422858.4346,-192185633237.75717,-324505626708.73413,-176303824618.0052,-75266336266.93842,-234075906240.91962,1.9672236000520745e+44
1980-08-31,-260026372094.32346,-118078978512.26773,-66752957764.88891,-128497650501.44606,-59735077120.526596,-93447051033.514,1.9672236000520745e+44
1980-09-30,20822398336.807884,10252779735.175503,22246358527.218533,20642989814.00491,14091409398.466305,16159521535.873075,1.9672236000520745e+44
1980-10-31,39146573371.10352,12625660144.885933,18572653950.433605,41926287650.36197,15193272572.074091,36563048091.06021,1.9672236000520745e+44
1980-11-30,63379098611.94386,26655320643.089546,42900404751.62246,103580317726.52618,82965196866.6093,75102040806.7165,1.9672236000520745e+44
1980-12-31,42442738371.72847,9854893129.511997,20589766148.67892,47455674069.92074,28811970040.853046,24449614722.596146,1.9672236000520745e+44
1981-01-31,50178427187.78659,4838237232.737013,27297282161.445465,75053107280.11848,43558467188.589,37924068563.08463,1.9672236000520745e+44
1981-02-28,46166595340.13449,5485078491.297814,20770611010.63511,46685917882.97748,31568852180.957355,22870011663.18293,1.9672236000520745e+44
1981-03-31,34513999529.97929,20123514923.94554,11624009799.189913,31193997160.3234,9388040169.833735,22993341264.3938,1.9672236000520745e+44
1981-04-30,45290875204.45152,11764567474.54423,22657423711.891563,60613367829.124855,14918860939.383337,33440801385.273476,1.9672236000520745e+44
1981-05-31,33520943145.507996,7965630022.286238,24824832403.264908,43988469660.98625,34299506756.654266,25759318488.22129,1.9672236000520745e+44
1981-06-30,-270164978297.6416,2831329467.880247,-264323630632.75003,-75837251027.92296,-83654928943.89616,-59051988133.63873,1.9672236000520745e+44
1981-07-31,-354458674971.7288,-88633324646.2111,-354906286917.9993,-202205893371.42227,-85128848798.04642,-241921407036.14023,1.9672236000520745e+44
1981-08-31,-200187110906.19345,-101409168561.6813,14904650701.636055,-79465244322.82707,41256149115.27037,-31404638381.366005,1.9672236000520745e+44
1981-09-30,39121146616.550316,45556966252.592125,39886336741.10011,32052104628.033005,28028805200.83722,35386136309.05641,1.9672236000520745e+44
1981-10-31,63013523899.96509,32948383205.602406,43397429130.08341,80443337329.9489,66214301742.131454,62404547703.394966,1.9672236000520745e+44
1981-11-30,34228957759.796688,20046881891.809113,9554923747.889116,19316323195.55371,-2466587220.843265,12606390167.556175,1.9672236000520745e+44
1981-12-31,48580810663.82352,49005078036.28322,28066564864.958782,45317028437.3029,35362597145.3847,40796394681.01272,1.9672236000520745e+44
1982-01-31,47085785685.62991,31743952590.574444,30300071860.11824,54343044526.349724,34468788265.02937,32381707584.791256,1.9672236000520745e+44
1982-02-28,27988291939.437225,17746156795.72056,9094625088.564486,7591301068.187064,-5059682018.727974,8427186987.300823,1.9672236000520745e+44
1982-03-31,32532134064.357,16186450406.013298,13662053256.232286,26548391956.454086,16221013267.036379,19741910003.26121,1.9672236000520745e+44
1982-04-30,51568420003.21175,20657795116.627174,34513716925.90828,57080867190.33069,86641048535.89519,44381857797.632126,1.9672236000520745e+44
1982-05-31,35639078890.788284,4331671502.518357,29693836820.852314,39886864002.531525,25516953948.125362,32525131387.766376,1.9672236000520745e+44
1982-06-30,-243365124846.44296,-52880904631.90609,-213681882578.95343,-74693607472.1066,-82033375664.26575,-107791593054.8529,1.9672236000520745e+44
1982-07-31,-293473179360.01434,-166335209143.93896,-268343749425.03293,-163329415664.557,-19389234754.929806,-172312916015.87515,1.9672236000520745e+44
1982-08-31,-187041968362.32397,-119139347310.36327,4731302721.842171,-128727335880.58772,-8686969895.569239,-93514403751.08357,1.9672236000520745e+44
1982-09-30,35147620525.73765,10097394383.395786,23900110375.878746,16801463778.609316,13436721422.601442,26714157796.386078,1.9672236000520745e+44
1982-10-31,53136729428.55028,8016712470.47908,36990270158.42906,38698834119.557304,36575698664.06525,28729513575.691383,1.9672236000520745e+44
1982-11-30,28265493462.14623,5687228902.733723,9266996433.701323,22165893991.06325,28445433.486200184,12477089397.271933,1.9672236000520745e+44
1982-12-31,34276539253.506187,22475349166.8259,16444066847.949205,28615830667.43651,21053932838.059124,22488467475.8693,1.9672236000520745e+44
1983-01-31,29073066386.124016,27645021191.281837,5095355839.111872,15545278699.207832,7558548108.743348,7173937495.702012,1.9672236000520745e+44
1983-02-28,82332639343.22105,43280953482.397285,54744445906.541,104758845667.46835,149141059199.57532,77408595210.70415,1.9672236000520745e+44
1983-03-31,37732794118.81825,17480015553.55821,14242297703.57232,29363853107.422718,29375716671.524475,15720890021.308388,1.9672236000520745e+44
1983-04-30,74161177788.12427,25697696872.761715,54163150723.99725,100166906048.79752,112054645864.232,69810239342.59584,1.9672236000520745e+44
1983-05-31,51239082749.61762,-7540569986.911703,40382657686.389946,52297994915.72687,33432951900.368866,35435715085.55168,1.9672236000520745e+44
1983-06-30,-96486662091.83977,-44891883421.28263,-6363153403.611632,-64341195202.64387,-43412675723.51229,-27743743349.80649,1.9672236000520745e+44
1983-07-31,-248316121417.15128,-169715296770.05463,-101577283198.37703,-120805716722.26213,-59211120682.042435,-42354775457.18677,1.9672236000520745e+44
1983-08-31,-36990348871.322044,-129341607736.03247,36154938953.31878,-18605644258.960983,47249994650.903076,35236292141.69657,1.9672236000520745e+44
1983-09-30,28066771021.646255,36810261396.80378,18886923559.927597,12192692100.669006,10463107122.518589,26961557881.890488,1.9672236000520745e+44
1983-10-31,45367916555.920616,20362227874.60232,22413843142.65306,37554774905.271835,39497103016.539925,33053957192.446274,1.9672236000520745e+44
1983-11-30,63056644486.16014,29504498943.766857,42553278607.30092,95336171404.96277,67755474910.788345,55070781948.08792,1.9672236000520745e+44
1983-12-31,46343569519.35866,6060422406.10732,23724593163.243107,51113970115.055885,36038051681.53574,33518320931.45803,1.9672236000520745e+44
1984-01-31,30487723665.78219,10126533528.410606,8678668983.360407,26180329097.881042,6134406400.508572,13026523503.357468,1.9672236000520745e+44
1984-02-29,25625242017.35952,5124146052.3265295,3187070513.8059354,20438409912.58098,6695533139.729603,11623483514.344158,1.9672236000520745e+44
1984-03-31,44630761629.0704,6083764413.385349,23196058080.674923,59381461601.1316,41267684694.34572,30694748766.306732,1.9672236000520745e+44
1984-04-30,27801093599.233727,7971761449.468768,5424438438.447104,8696434778.445274,-3483842427.3749356,5253635875.545167,1.9672236000520745e+44
1984-05-31,56099505630.58383,9142063646.537094,39259636300.65196,76997440010.36093,71433932317.42679,62176047422.40039,1.9672236000520745e+44
1984-06-30,-156931129826.7913,-49783874705.88843,12113165980.58133,-55553941713.67735,-39281983710.88294,-6241925531.037021,1.9672236000520745e+44
1984-07-31,-378184234242.50885,-124778869168.46199,-371621959171.3057,-240875525275.0059,-109825528761.82722,-272568982058.78836,1.9672236000520745e+44
1984-08-31,-148270925048.5023,-123703408604.10527,63412562501.803375,-42203190954.84242,67583191723.662895,-9853237041.123405,1.9672236000520745e+44
1984-09-30,19866450041.16304,14141794658.756207,23203949338.678,2931795987.832182,-27835555078.619434,14844583110.014715,1.9672236000520745e+44
1984-10-31,38700732445.255264,21006621506.93144,17105075388.042627,11041249861.73857,3917930392.1469007,20664325815.850193,1.9672236000520745e+44
1984-11-30,28441459366.729576,18792664979.080296,6343061593.36873,13304567467.898762,-14888020842.96723,17732165080.473694,1.9672236000520745e+44
1984-12-31,42028196117.37027,18243383493.64604,21686479710.953835,44256935225.22023,8876079271.626472,34775024884.50019,1.9672236000520745e+44
1985-01-31,38214750744.93825,29691479856.434433,20423251618.886036,28197558067.63303,-20943943035.811356,16919367313.040394,1.9672236000520745e+44
1985-02-28,23808066866.343056,6652532328.762576,3067309406.53898,5715947815.873224,-6279741102.740622,1895255074.1931024,1.9672236000520745e+44
1985-03-31,47349914428.60971,14778192263.097178,27902870841.41191,45947050604.262436,37562742054.60341,33062391738.142113,1.9672236000520745e+44
1985-04-30,42863079301.50278,8214743660.81304,23057957960.760643,36243615126.03314,31662133660.00956,29271338975.393257,1.9672236000520745e+44
1985-05-31,-89748822241.28734,9722744566.303928,-116148651.26505834,-15479716708.274954,-43043596684.34976,241789673.87654585,1.9672236000520745e+44
1985-06-30,-203208343398.4285,-93910083417.8867,-102726886145.74554,-30976550973.121773,-17885290153.869987,-71003564353.32321,1.9672236000520745e+44
1985-07-31,-310863183175.4731,-223074685520.24402,-299633221461.2096,-263578740317.46042,-104545405914.68651,-283025449755.82025,1.9672236000520745e+44
1985-08-31,-217103260090.68375,-112538469147.40327,-2694714899.919316,-125414867975.97813,-20962759084.985962,-82368975030.35483,1.9672236000520745e+44
1985-09-30,-2275061245.0865703,19897566960.57148,11724374595.023405,2904895851.4945016,-830491376.1070669,3130841385.7355323,1.9672236000520745e+44
1985-10-31,38801378032.29364,16582932133.989859,18394891538.20166,26721930597.95121,13957683513.377407,32061390135.815895,1.9672236000520745e+44
1985-11-30,87892319165.26874,51811717917.96016,69939444718.63794,123735476877.45084,132791228008.68301,98424867528.8067,1.9672236000520745e+44
1985-12-31,22472667287.56896,40484883047.200745,948063668.7934824,-6345110852.55931,-27487100105.49785,-3323347665.6781197,1.9672236000520745e+44
1986-01-31,46547246804.69895,29276052255.067204,23797287203.81748,33918337079.416473,9105529881.294456,27897150853.28534,1.9672236000520745e+44
1986-02-28,36649972389.317474,2608980818.151583,11836053942.300877,18781738708.847878,-10936747919.516558,7151427379.907754,1.9672236000520745e+44
1986-03-31,50658883882.25933,10775144770.818697,26240533655.73994,61651758650.34154,30637794511.66543,33548971743.166622,1.9672236000520745e+44
1986-04-30,67867791436.00646,12380982774.839285,42425736966.02582,66576878305.34305,79245295949.47375,49798703846.95705,1.9672236000520745e+44
1986-05-31,21075673320.13691,41306642910.38073,12463085760.77997,17338810085.521976,-18452440185.130043,13862442939.372364,1.9672236000520745e+44
1986-06-30,-81489377120.14763,-16415745834.910545,-12000361284.032972,-45599698940.15427,-36039509545.41474,-20768098816.77095,1.9672236000520745e+44
1986-07-31,-215814018302.16568,-87706556968.2138,-96565514590.70815,-105937208042.66374,-29619058649.712643,-47684080512.80922,1.9672236000520745e+44
1986-08-31,-190787553709.4258,-23910788652.06377,38487340345.03948,-110810400639.88109,21307222007.543205,-14919023642.945505,1.9672236000520745e+44
1986-09-30,19244935313.547215,34547599744.49084,53265969187.55392,40033873049.124855,57576893566.89963,44010450420.01708,1.9672236000520745e+44
1986-10-31,45719022760.68308,34441123852.10543,21598223895.46419,40793140275.31786,29527744956.23206,33197948668.735703,1.9672236000520745e+44
1986-11-30,31281325989.352516,17739359340.404484,5601106337.088957,9610553349.37851,773910773.3307221,21934776413.352184,1.9672236000520745e+44
1986-12-31,45654070257.51603,14524244305.085146,22387694860.806652,38369883536.734566,26332026658.22138,24637898219.46814,1.9672236000520745e+44
1987-01-31,73787955087.43376,1807834848.7188284,52664495061.84831,88199811338.25894,65923213998.69496,59987464273.6345,1.9672236000520745e+44
1987-02-28,28810503680.3431,33743865783.135666,4003470745.2124224,19637943004.12707,-185849855.26578954,5672611412.311522,1.9672236000520745e+44
1987-03-31,43580972067.17294,6039757595.261618,19373650330.083717,38850098511.42564,18870737760.472862,25609385620.25209,1.9672236000520745e+44
1987-04-30,56131797379.65519,21306643398.0872,33022858045.67435,62612487202.03375,74146948124.68773,44566730861.95885,1.9672236000520745e+44
1987-05-31,38833261734.57116,-2419537221.675759,31994842210.943256,41472294996.604614,13191861663.953718,33201307412.863396,1.9672236000520745e+44
1987-06-30,-247805537466.5115,-77142799912.73792,-154318695833.2368,-65038335965.48084,-77850632377.93515,-88745636012.64255,1.9672236000520745e+44
1987-07-31,-268202798948.5167,-135904751606.60017,-215642282401.9868,-182740849056.33167,-45757397452.19554,-209155631586.5007,1.9672236000520745e+44
1987-08-31,-255439002121.71252,-65231870833.85398,-61329201301.47369,-220400267804.00714,-76535512250.4516,-220235126304.0289,1.9672236000520745e+44
1987-09-30,13042888207.317331,5476019777.600872,23294195265.033516,11595303407.504318,7633350284.567934,19491198583.096718,1.9672236000520745e+44
1987-10-31,41919932285.274445,38406528260.20595,18065961371.86372,31673769712.76673,21951086148.059765,21881148515.92464,1.9672236000520745e+44
1987-11-30,58494937882.59788,34378186832.71012,35749516534.12231,66339455299.659836,45151819141.03276,58421518252.801025,1.9672236000520745e+44
1987-12-31,35004781348.19748,16200667370.884811,10783563333.902699,30041184588.184814,8644583391.156305,15292199185.322935,1.9672236000520745e+44
1988-01-31,35490993237.50198,33432701358.70094,12472493194.79675,16182298142.041208,2338610126.743534,12079235560.218718,1.9672236000520745e+44
1988-02-29,43491595396.64193,6888744475.421287,20408194436.10326,23696214264.267967,26675349222.36461,18922888077.132164,1.9672236000520745e+44
1988-03-31,46950425245.513855,13815098386.514471,25284890981.52995,43068716478.69804,58961684639.36554,36974764789.95582,1.9672236000520745e+44
1988-04-30,38748551471.00956,14864900710.094238,15138547045.529226,31481594331.145782,14928153808.844748,17468948048.843143,1.9672236000520745e+44
1988-05-31,8877190585.935705,-27005946.21586889,20510847474.351532,-9016364199.913187,-1835790417.1379564,1165737458.295153,1.9672236000520745e+44
1988-06-30,-35954753054.0497,-67745937091.46338,18163792357.531857,485766315.56297314,585701006.7004673,15752998861.001612,1.9672236000520745e+44
1988-07-31,-358707516399.3928,-207829578526.78894,-343699302205.1791,-262838754965.09265,-131248046172.97469,-301055738645.06384,1.9672236000520745e+44
1988-08-31,-217810131077.7948,-168652023135.35635,-9398712464.159643,-193212624817.87085,-58204115126.45411,-162793321508.26968,1.9672236000520745e+44
1988-09-30,23525580228.046124,17419944595.51583,17356120272.209427,2737212225.183402,-5069803588.01164,5900233926.950262,1.9672236000520745e+44
1988-10-31,72241141097.24942,16387755514.302145,51404870465.82746,84698984610.73274,96866984308.6774,66980333904.79298,1.9672236000520745e+44
1988-11-30,71662672960.59425,20694907619.118702,49346436889.05075,88819659405.52371,96453268263.54605,72895634589.64177,1.9672236000520745e+44
1988-12-31,43162657012.28405,11363913685.504538,20138637152.93142,51530983466.700226,31859919493.918995,28881539637.691597,1.9672236000520745e+44
1989-01-31,26553400127.346275,6412080573.936199,8777034321.920267,17133489951.342628,3691459619.544733,12461829239.914574,1.9672236000520745e+44
1989-02-28,24440294254.077446,4259577909.4419665,5218009684.364809,16877842063.191975,9803455837.075186,9237311007.082233,1.9672236000520745e+44
1989-03-31,21982522550.330723,34478295357.76602,3309499588.8881125,2283751920.233891,-4539328677.058121,3838595628.740915,1.9672236000520745e+44
1989-04-30,23718168339.274494,11332129253.851128,4693430454.102452,1833912846.5255733,-12058223985.693607,2401926604.5198355,1.9672236000520745e+44
1989-05-31,56647303622.78894,17745521926.937775,44698325276.81145,46244748137.988884,59575387023.66243,42624289484.1319,1.9672236000520745e+44
1989-06-30,-137232307572.24776,-60776554968.567375,6257994828.786418,-25707207756.66227,-20489656984.115192,-17647301623.033905,1.9672236000520745e+44
1989-07-31,-335574962778.4767,-217385049068.63586,-286719242634.6375,-192629141732.8668,-109209114637.2864,-240257326789.26663,1.9672236000520745e+44
1989-08-31,-188053191775.2263,-93640586146.09195,-6046244333.153138,-164520671979.3726,-39318532341.289116,-118851842332.05302,1.9672236000520745e+44
1989-09-30,40315412243.58254,28617740793.718624,25529178976.472076,31475531200.841976,37201043141.566635,28981646439.474773,1.9672236000520745e+44
1989-10-31,33927799245.027435,7320886214.116866,16927216204.98684,21220928348.447243,19607498031.627674,21815014107.941387,1.9672236000520745e+44
1989-11-30,64156104180.63465,34545075510.300026,45121414608.54943,109993752950.30438,59433168714.65113,93497094875.82716,1.9672236000520745e+44
1989-12-31,39383781399.63784,7612042252.8315,22340023668.95633,33128306839.265274,18999245322.950092,26723150383.06465,1.9672236000520745e+44
1990-01-31,29197898481.651703,8181951827.072668,799429187.8820359,-4486758826.498204,-9695161836.063194,1074784764.2169192,1.9672236000520745e+44
1990-02-28,30761654472.47903,5730958912.522227,2537597453.3685346,-2647655257.663058,-14752398781.536167,-51760606.06708041,1.9672236000520745e+44
1990-03-31,40367895555.58249,10349599864.250662,13862692823.26654,34350619583.13324,16652906385.091085,16358874548.372126,1.9672236000520745e+44
1990-04-30,55562451438.11647,14930062007.110758,28813630418.137493,63726641936.31031,43834219744.18114,35994299706.39782,1.9672236000520745e+44
1990-05-31,37482602231.377914,29463796028.66493,51672644519.759964,69975026782.69823,103899460299.38121,43924194664.15349,1.9672236000520745e+44
1990-06-30,-274061574868.96008,-47547653314.120964,-306554606740.57495,-106133129436.31479,-101656649399.68126,-143070254242.33774,1.9672236000520745e+44
1990-07-31,-274557276965.90594,-190674728063.7625,-207341594860.3663,-240208887757.58264,-109302959115.93968,-334930601578.9928,1.9672236000520745e+44
1990-08-31,-181535459558.828,-175926065193.21246,12283103045.611727,-160126354564.95215,-6816055459.847886,-96018940777.18848,1.9672236000520745e+44
1990-09-30,46100676806.30278,17685281899.669262,31297103771.57337,40300604806.34984,31654108899.612694,28423041583.982872,1.9672236000520745e+44
1990-10-31,52528672164.1608,17749597795.10355,26821097355.77996,43223444124.800064,37702294194.897545,41785202940.073456,1.9672236000520745e+44
1990-11-30,92115449748.0519,7914193857.393525,63977613540.85768,106407660703.27837,97784230659.19308,88739416910.79263,1.9672236000520745e+44
1990-12-31,87342076096.24567,21259814714.97443,62584118192.14186,142510353248.05634,93514090752.5426,98027680532.75381,1.9672236000520745e+44
1991-01-31,45683863999.31332,14899479748.035175,19112907158.14745,41305258820.05017,10405608582.633303,17671409949.360077,1.9672236000520745e+44
1991-02-28,44108190964.79626,7527664612.306676,15782214109.332806,19076621355.06202,3476962558.6404715,16149565339.730057,1.9672236000520745e+44
1991-03-31,58925079845.165,26841286673.588173,34129182913.341343,51712002932.48435,61930928509.79893,36810463191.35844,1.9672236000520745e+44
1991-04-30,47670848466.944725,28284941799.16686,20725639348.320213,49210431021.55174,31422468427.367554,23607530440.24502,1.9672236000520745e+44
1991-05-31,50984388781.98547,18234955554.993496,34048651861.008667,59798589596.70865,50476204972.7921,58333843315.49319,1.9672236000520745e+44
1991-06-30,-143980996553.05557,-41203842275.516495,28559627414.960968,-12328883449.415743,45494807729.055305,-9661865629.168093,1.9672236000520745e+44
1991-07-31,-286629640640.66736,-89200741596.50092,-223355088178.38995,-218187352571.26352,-83059060396.67928,-239320473962.99695,1.9672236000520745e+44
1991-08-31,-76657388834.4836,-124575279221.50842,25982612724.80833,-82080984356.28375,16314751329.393738,-28680065724.532074,1.9672236000520745e+44
1991-09-30,42465359266.77541,21225489442.336502,32672318171.696987,23417249308.32809,11224583697.536364,26482482545.940926,1.9672236000520745e+44
1991-10-31,94438249435.70915,25608533165.622913,70492353528.54718,123511361729.2249,103746409674.10481,84019268247.15968,1.9672236000520745e+44
1991-11-30,47332724997.490685,8512782338.383551,20561882336.56221,39798908464.28631,47689004383.36025,31903292917.73835,1.9672236000520745e+44
1991-12-31,63870768388.427414,17924315774.319862,39024043875.096146,89146542222.64003,50879848567.24032,63248582277.98326,1.9672236000520745e+44
1992-01-31,57285739739.96598,7558685014.764321,45027869422.84281,80962390472.03125,70442674236.15771,54010431343.25125,1.9672236000520745e+44
1992-02-29,23554461778.709126,8084729390.581586,6840651306.415015,13827426722.298887,-1821661921.4014728,8923978620.130629,1.9672236000520745e+44
1992-03-31,18672110607.777695,16670273227.45104,2159639162.841271,1550689544.386859,-5199428913.949477,3070080291.565292,1.9672236000520745e+44
1992-04-30,20405995747.008774,18259720501.740837,3919044324.38409,-2579023517.084168,-11712617401.977762,1170023504.2017438,1.9672236000520745e+44
1992-05-31,36931519481.338875,-1191197103.3237596,21509734070.57558,31654081149.904934,8793123813.560778,25323609175.666477,1.9672236000520745e+44
1992-06-30,-8833470975.364967,-31967809752.332775,387415281.85299236,-24384049272.898876,-13618808135.691816,-10540213672.466991,1.9672236000520745e+44
1992-07-31,-235560712990.5843,-95159907090.56177,-125631354947.98117,-135469424000.78268,-77359485745.79634,-93335037451.12607,1.9672236000520745e+44
1992-08-31,-106899101999.85661,-69077859608.97858,5925823873.8483515,-74165532868.56967,-6910123604.362581,-13067384683.741081,1.9672236000520745e+44
1992-09-30,23626393235.25586,12787550365.654907,20941510265.116974,31722838478.01469,-12438115259.67029,24642506541.256096,1.9672236000520745e+44
1992-10-31,64745293942.36121,27340794513.47105,53086608932.45132,82516870301.55661,97368961497.73798,74819895983.516,1.9672236000520745e+44
1992-11-30,21052588163.96775,20080650269.329792,4303430914.224637,4103172887.327532,-4250271286.421861,8549409259.855914,1.9672236000520745e+44
1992-12-31,25698236136.410454,43570079387.24094,10241766346.92834,18197542236.504807,7591746812.838154,16307335093.45593,1.9672236000520745e+44
1993-01-31,37269229586.82603,8361266027.642262,19111229242.02864,43182387273.81907,35027257130.063194,31659581072.152866,1.9672236000520745e+44
1993-02-28,38410263758.411476,6202185217.020138,18261549766.431763,45209525932.767914,46948602365.6309,25246732598.77697,1.9672236000520745e+44
1993-03-31,21507244451.607307,26714249674.18409,1847493664.467928,4466043317.921446,-471535347.18161803,3578768868.6954436,1.9672236000520745e+44
1993-04-30,31981497893.080647,23834762205.1344,12721774707.389214,26528941639.432774,5741210137.572586,14085389980.529821,1.9672236000520745e+44
1993-05-31,20076118199.18609,28172777288.74366,10874614413.390724,-15064843841.550245,-15462848924.155828,-18920038908.939045,1.9672236000520745e+44
1993-06-30,-187362917440.14926,-89561943278.99039,-70887516045.24039,-56275441379.234436,-54834916897.69688,-90114065430.10715,1.9672236000520745e+44
1993-07-31,-379391533341.9787,-136608448140.28189,-376417575292.1365,-226863969336.15536,-98107624221.18532,-306116484810.3797,1.9672236000520745e+44
1993-08-31,-168763569278.9488,-61250270691.619,15513339152.935465,-123479753584.56744,-947696966.1694766,-47606206695.59047,1.9672236000520745e+44
1993-09-30,-28036136613.635277,51563949148.11461,31690411356.693363,-4814217450.552266,-14767670466.383589,8346061849.109878,1.9672236000520745e+44
1993-10-31,59450125156.38395,19895258290.34009,45995328172.95112,74587876622.88719,38350544917.83881,42571343383.050354,1.9672236000520745e+44
1993-11-30,34887210124.09835,11417578206.36898,16285214674.992374,35518168669.60782,10886531115.561277,27100313439.876266,1.9672236000520745e+44
1993-12-31,28442771360.358368,7043008531.916161,9623692531.50866,24954945716.39502,5869732195.488588,17180916622.276955,1.9672236000520745e+44
1994-01-31,30496688105.707893,13943770646.391174,9113323237.565279,28966948139.392723,6692587256.483675,15743493863.840551,1.9672236000520745e+44
1994-02-28,29342781594.487625,11961124265.5306,7126383513.211079,3248777458.300658,-4585327465.696961,5330102321.197051,1.9672236000520745e+44
1994-03-31,28798643711.364506,28371229983.22285,7832115175.538156,23171043111.62991,5149529255.764477,11930966400.648495,1.9672236000520745e+44
1994-04-30,62149550879.12323,5270436535.515586,43866607232.35622,54798462188.64702,81947081855.31207,41942112881.23287,1.9672236000520745e+44
1994-05-31,-16015684464.791985,21650548627.566658,16868125208.134846,13137467044.500763,6330727709.357513,20235711248.319096,1.9672236000520745e+44
1994-06-30,-75163940756.27676,-16256728227.957214,5579537418.086887,-27833260206.751686,-24641122155.247044,-12779037702.318563,1.9672236000520745e+44
1994-07-31,-338491908466.7047,-65507944922.023766,-266862276325.3088,-187979830443.07526,-81598615064.15315,-193213352187.4339,1.9672236000520745e+44
1994-08-31,-233164246905.06915,-48121856173.474396,-12205304554.804502,-109458936352.45525,-8835866950.450167,-85451617118.15797,1.9672236000520745e+44
1994-09-30,39713261299.25427,44087975249.418304,32131978691.22079,26695174198.9381,21547967215.678917,35276080264.65643,1.9672236000520745e+44
1994-10-31,41454975320.2519,13377240455.928438,23312460267.986935,32974756802.79806,29936434823.16483,37727177416.47476,1.9672236000520745e+44
1994-11-30,30854953107.092705,6793776631.07983,9109937203.346031,15819809387.330896,11565876933.592035,18112307482.336933,1.9672236000520745e+44
1994-12-31,40431255546.6828,34384913820.6339,21462823113.819473,49813556380.86464,32794362768.01332,31913951343.758144,1.9672236000520745e+44
1995-01-31,28570730498.967976,11197132221.685223,3598245838.8203635,8226170051.036072,-1543701495.6212616,2922268267.0968328,1.9672236000520745e+44
1995-02-28,27473573243.09897,21768754579.314774,2438334543.6084795,6191133321.379698,-4062186561.1849813,3090946458.0247726,1.9672236000520745e+44
1995-03-31,30963929585.57449,9847081988.585318,6397554096.087354,13821663009.510145,11671004450.0802,9412117039.854254,1.9672236000520745e+44
1995-04-30,32729532863.875328,20486500678.43976,8964296076.585855,3008997079.2366767,-13620958681.992313,8210125228.68636,1.9672236000520745e+44
1995-05-31,-17412090290.330635,13898794608.38868,10404419773.128693,2394703476.8854957,-10189405086.454134,-7274025609.1679325,1.9672236000520745e+44
1995-06-30,-259543481009.86563,-10916843342.554842,-215146336159.93863,-86420070578.44768,-59788418991.23092,-69522697153.36612,1.9672236000520745e+44
1995-07-31,-392193527151.7876,-99655867898.62906,-464372003978.4367,-310235273106.6385,-155052856011.8568,-360339842942.0438,1.9672236000520745e+44
1995-08-31,-213716239185.97787,-79081345350.89066,1288202772.9956965,-175470572767.75983,-43136709594.33983,-121269356950.73674,1.9672236000520745e+44
1995-09-30,4207997590.8358917,41565584160.59791,38170015173.05918,19578422105.61429,15080927688.303028,12519430486.677223,1.9672236000520745e+44
1995-10-31,45222391927.993324,15969088069.35431,23985900259.854305,31828583742.70735,22230138169.630573,29807515855.90504,1.9672236000520745e+44
1995-11-30,101861290759.4239,13718135862.864769,79106880529.32393,122271036223.62825,117935424484.33412,102814117638.57292,1.9672236000520745e+44
1995-12-31,69637506839.18805,19651417862.531715,46468864869.148346,94358266932.61136,84573802738.72366,64447193640.65536,1.9672236000520745e+44
1996-01-31,74939415693.12598,12522397413.833002,50803933859.59531,123375621705.38373,56024821651.86906,84940831045.14008,1.9672236000520745e+44
1996-02-29,66159622020.691635,11665666239.949783,40539726684.51527,49249260840.08477,46022021863.237564,43749402901.49589,1.9672236000520745e+44
1996-03-31,107382131056.83672,6137201432.7006645,83769426506.42363,183095060771.32602,162625355469.83383,130429358980.077,1.9672236000520745e+44
1996-04-30,72386444148.07455,21278522145.08828,45195698237.3022,60052930663.08717,84066064583.57596,43027720351.806915,1.9672236000520745e+44
1996-05-31,22290760492.978237,7074792269.114522,13885975208.372814,7285539258.7238035,2035877579.061646,-6521640802.820502,1.9672236000520745e+44
1996-06-30,-155182720266.05206,-57155011425.357285,-42342825607.2155,-24460353224.782516,-19056488272.50174,-30142921489.34701,1.9672236000520745e+44
1996-07-31,-216705115853.50974,-145220400505.03888,-81560295694.5963,-105532721173.11119,-35833793070.150764,-84983591471.84459,1.9672236000520745e+44
1996-08-31,-78710658223.98073,-63939557878.09179,9098765455.111858,-42594246117.43439,-10418897751.787422,9799859613.980816,1.9672236000520745e+44
1996-09-30,33399816885.167625,29447112810.305054,21930589514.892605,3631635281.9025884,-5843877902.678532,15191154143.48918,1.9672236000520745e+44
1996-10-31,39321269315.19878,46833357251.44486,14256439238.82565,28024231124.87927,1342224050.6161935,27305991363.259483,1.9672236000520745e+44
1996-11-30,56462392467.00604,20933062142.815777,32051627016.85294,89821989233.31645,77666073744.81691,52042129698.968994,1.9672236000520745e+44
1996-12-31,65474047594.98184,12585217646.410025,42009894424.00299,61867472244.199585,45877849381.37892,46023462687.05066,1.9672236000520745e+44
1997-01-31,58957242414.68406,4962492718.149495,32090744290.67936,53045683225.46223,28541794346.498817,39508244431.77619,1.9672236000520745e+44
1997-02-28,32258844148.706882,33213912293.37695,2784696346.723576,4464404328.05122,-6726356847.534623,4422137416.519472,1.9672236000520745e+44
1997-03-31,33990157499.542156,22700052948.52069,5084839207.680604,2309067135.664783,-7235167680.50769,6199879166.345893,1.9672236000520745e+44
1997-04-30,71050315654.05566,27943393070.685806,43989305946.12174,66672693565.70361,84850299195.40848,49366080814.21757,1.9672236000520745e+44
1997-05-31,21238589282.06238,18646161336.28313,14043678965.530935,10557506293.532103,16021272733.02482,6768973311.86907,1.9672236000520745e+44
1997-06-30,-333824241636.3349,-64795019424.87646,-409967157977.45386,-89583455631.99696,-90769539107.966,-123248217615.40488,1.9672236000520745e+44
1997-07-31,-240381130076.77734,-232003013181.80737,-133044536448.99988,-119639518480.38306,-17029466752.760126,-95799682702.18504,1.9672236000520745e+44
1997-08-31,-55002634767.66816,-200483659123.01224,78944826216.77528,-84875966530.90353,-7931179686.769491,28331911174.20404,1.9672236000520745e+44
1997-09-30,82982471036.96141,12071135494.405704,74890827580.61476,72856901957.5606,113728162434.05902,73367548128.29892,1.9672236000520745e+44
1997-10-31,88258767018.8552,29806727542.89473,64171631826.47882,126397969685.28575,145325868727.14194,92299143609.21368,1.9672236000520745e+44
1997-11-30,47083602883.825325,23758090916.269527,18833172447.25178,30180026307.23894,21527968131.736027,23793099382.909626,1.9672236000520745e+44
1997-12-31,47490489253.46847,12774544324.060202,19992266388.919865,39100922699.145424,-27178167.43856485,27808602947.693764,1.9672236000520745e+44
1998-01-31,45520513239.99653,10506158797.414812,26036383832.909824,54737362012.89029,21418777585.73567,29254258694.501816,1.9672236000520745e+44
1998-02-28,33582634484.902527,4082393533.500294,12861844370.64112,23491633264.263214,17066037749.113016,15165923791.313694,1.9672236000520745e+44
1998-03-31,36603456533.97447,30242844896.89731,17683759786.423653,47641808193.49659,26811855930.95729,23609077458.517784,1.9672236000520745e+44
1998-04-30,46296449352.897606,2875851417.1857033,31032762270.1621,70009699809.58568,22298397567.357536,40738903533.346214,1.9672236000520745e+44
1998-05-31,60613798597.19292,17876470825.37307,71650346050.79796,71340811462.83263,64626677510.48934,58220685052.66839,1.9672236000520745e+44
1998-06-30,-334315251023.6692,-65063716542.494286,-419211395048.4629,-99543106277.95398,-75982071500.1286,-122395540067.56992,1.9672236000520745e+44
1998-07-31,-357467059667.8002,-310970155661.0674,-371873191811.19684,-264811874029.4106,-106221062025.2463,-302317412710.2871,1.9672236000520745e+44
1998-08-31,-259580454532.87152,-186135456532.55615,-44393341448.789474,-156921989134.87915,-48171701657.08179,-110124766788.23741,1.9672236000520745e+44
1998-09-30,8704187474.82554,-2788288394.5985227,10651597728.985748,-19769493944.74771,-39900021024.18277,-10018635631.909391,1.9672236000520745e+44
1998-10-31,45977830638.09934,31177554431.88651,27335592242.54404,37408172267.78016,40082735813.45722,36915245501.95041,1.9672236000520745e+44
1998-11-30,28495881053.59254,52115805604.22599,7067396732.490224,7467220188.162162,-10537973693.678772,8640898611.029762,1.9672236000520745e+44
1998-12-31,28958146126.51544,19675522903.798035,8263477362.327307,14290184351.526182,-10484137270.402353,7476273124.742594,1.9672236000520745e+44
1999-01-31,33457114305.087032,4959997532.326622,9405335807.581135,25730754222.968807,10710978207.804634,18320066398.039658,1.9672236000520745e+44
1999-02-28,56179149873.09468,9869401237.348303,32654015339.035816,47341721151.67548,68879835036.25316,39566534110.71809,1.9672236000520745e+44
1999-03-31,56033487847.090004,25612132974.75598,35662176427.72909,67138140229.95419,65982075041.836136,37951006051.16657,1.9672236000520745e+44
1999-04-30,49527573627.236115,33879436644.36312,27248063211.09,31293717234.706657,60395651477.186195,28223562280.10369,1.9672236000520745e+44
1999-05-31,56458823899.892075,1504967583.4330304,45623422255.4119,76614701709.1327,71164444092.9598,58394467815.47395,1.9672236000520745e+44
1999-06-30,-102114690892.82742,-24629776605.633266,7906951083.728332,-19348497211.214577,-40833245526.06661,-8515597454.054778,1.9672236000520745e+44
1999-07-31,-396209911893.0944,-106030685209.46767,-430318804948.41754,-238084453406.00687,-154441389689.67883,-309910198584.1541,1.9672236000520745e+44
1999-08-31,-242837846904.6695,-138503185702.3587,-26525823148.163513,-153278526812.32413,-38017100909.87437,-135029714723.73746,1.9672236000520745e+44
1999-09-30,52010639566.41383,7992124807.778481,39041180628.33077,40258873910.64283,63987814942.737625,40711573752.21906,1.9672236000520745e+44
1999-10-31,43325268762.54692,26496685042.4754,21956976634.383915,47729629559.47943,23153123604.554005,35518711710.53653,1.9672236000520745e+44
1999-11-30,54421738457.98365,6440834746.140338,33399170600.8055,56820315029.336334,56793004144.21683,36942513063.467285,1.9672236000520745e+44
1999-12-31,42953414798.397385,10956313933.366314,20749595601.407043,45724075547.00147,36585434037.048584,33234683693.80994,1.9672236000520745e+44
2000-01-31,82782573740.9738,49758175625.20789,61017720677.90982,126502476762.60803,113244979554.96361,86154376980.1836,1.9672236000520745e+44
2000-02-29,30573969435.855927,14851186925.769354,4058594959.1483436,2705989364.0998697,-15826322648.145277,2114351619.0704882,1.9672236000520745e+44
2000-03-31,36590957466.82046,11646863235.179941,11892645074.85298,26601819259.47554,13310415362.473703,16324410672.038805,1.9672236000520745e+44
2000-04-30,50739915959.66837,14815048971.3048,39476456080.38292,60252438407.76443,56702929072.32431,53572825727.42272,1.9672236000520745e+44
2000-05-31,30116412259.214115,14449849395.411203,19004189657.552216,13412809154.371305,-1224942499.4846845,9037336243.506319,1.9672236000520745e+44
2000-06-30,-196794701421.52228,-18988137999.54334,-137340432551.76033,-98045872664.08348,-55983536864.74138,-64844222918.355,1.9672236000520745e+44
2000-07-31,-266094677048.68118,-181332455996.20673,-190923579243.41974,-139211218829.66037,-23062278113.633266,-89840836126.52681,1.9672236000520745e+44
2000-08-31,-208325498999.16675,-79399122832.45067,30032857865.235004,-114934747593.57886,-19351122428.030434,-76071700175.17404,1.9672236000520745e+44
2000-09-30,-14038578856.454071,13858779325.131208,38449428462.68704,12257324153.736517,-1089320216.8360655,21612671572.60484,1.9672236000520745e+44
2000-10-31,44338854819.93459,29917496311.326096,21583782288.54903,45843538784.33986,21334638417.187614,42332285111.79848,1.9672236000520745e+44
2000-11-30,80177474297.76486,14467079546.405033,57305629368.37754,91639415516.59367,104097023422.29996,78212839319.99586,1.9672236000520745e+44
2000-12-31,30276417952.549526,17811408879.335094,4090931573.383892,7673675108.743306,-6961121181.0285635,8238211788.912335,1.9672236000520745e+44
2001-01-31,45690376432.676155,7091497964.861578,21600878612.461,69435272325.49022,29792671400.385754,40950923081.588615,1.9672236000520745e+44
2001-02-28,53405947030.584915,17226760698.027298,27341804234.334343,45717016209.38449,52111584153.58965,32429376559.84164,1.9672236000520745e+44
2001-03-31,45848866867.47963,2663337786.7430286,22574350020.65869,24195404614.675697,52182801595.70073,19669312643.99647,1.9672236000520745e+44
2001-04-30,55361788580.160416,16344022767.862896,33731230491.531284,48545600951.63616,39992243128.086685,33816718427.347176,1.9672236000520745e+44
2001-05-31,51346432952.13486,2219402204.642483,42748594405.43488,68572262033.30568,66549934768.61932,42603172134.61146,1.9672236000520745e+44
2001-06-30,-219716895634.6115,-61347414798.64661,-184707424691.98407,-19078244313.956463,-38737005488.11972,-23503234895.769493,1.9672236000520745e+44
2001-07-31,-364955038480.6651,-279874787081.0341,-398148777446.94275,-202373088908.39856,-130399667983.19646,-307647003905.0464,1.9672236000520745e+44
2001-08-31,-326417900230.9704,-137050279045.89696,-191442377392.48883,-234949438412.17596,-89940330586.57256,-211005530786.38513,1.9672236000520745e+44
2001-09-30,27132291962.79497,68959545812.67558,54031495822.84189,63187769417.545555,89249620685.145,65534096466.801346,1.9672236000520745e+44
2001-10-31,44997443832.02286,27662425247.163296,21687024911.428722,29619088837.850388,8536134957.584543,30154269927.343956,1.9672236000520745e+44
2001-11-30,89313875714.31729,23552579943.728874,66406716166.725746,127329371909.17564,163369372063.3746,112803299802.62424,1.9672236000520745e+44
2001-12-31,62249000492.89799,25560540430.2401,43458715547.01451,67684412814.39059,77132027177.72916,54581494923.50136,1.9672236000520745e+44
2002-01-31,25394055879.17146,15900816764.879665,11327833981.758125,20423030991.144592,-1305151841.9309618,12333184491.874306,1.9672236000520745e+44
2002-02-28,21611233239.034817,20480324714.625874,5908748246.221264,11604518485.63432,9081567576.212328,6137613164.612589,1.9672236000520745e+44
2002-03-31,32283647789.508316,36693440533.50445,18366923322.354847,33517259299.471703,26506694654.37236,26600812859.46171,1.9672236000520745e+44
2002-04-30,26485591054.028103,13726001990.219776,12701746343.752296,14816678571.657543,1212711597.6502597,10888852683.996717,1.9672236000520745e+44
2002-05-31,-102591937418.03722,1081300250.2589443,-12432979707.69261,-25725459161.229485,-33655791832.44337,-21084967584.445213,1.9672236000520745e+44
2002-06-30,-385120556361.61163,-86846902399.03206,-490648771891.96924,-168361946293.67456,-114728627394.78699,-183746896796.9653,1.9672236000520745e+44
2002-07-31,-449316841435.2203,-220238472520.50684,-548154844210.05994,-311862052536.05725,-115032115174.43095,-316532095971.93744,1.9672236000520745e+44
2002-08-31,-165034184167.76675,-168956761766.3265,-4024395937.228402,-88179331720.86351,-12523394073.199883,-48067915747.158806,1.9672236000520745e+44
2002-09-30,-37413808847.9636,2874370023.990545,29413842436.563114,-12051302672.548653,8944447791.749166,7776270027.415848,1.9672236000520745e+44
2002-10-31,23420495334.875328,37253336304.57546,9946328680.01274,2277850569.111795,-21029216102.17247,5272653000.727847,1.9672236000520745e+44
2002-11-30,34789454972.83341,36230621192.17244,18504137261.06506,29225835657.75636,9804392453.912317,21787062120.264786,1.9672236000520745e+44
2002-12-31,30405376334.34577,15074847166.578257,15631278652.001701,15776612383.586456,-12899215066.946692,16463835338.738302,1.9672236000520745e+44
2003-01-31,48462030175.58572,24128556768.59918,23880038949.329163,25855041518.340183,17302460757.022507,20491320819.174202,1.9672236000520745e+44
2003-02-28,31692334799.306072,1438345310.5567844,6207221434.040613,7217875009.345133,-427038025.66545355,7198112578.950437,1.9672236000520745e+44
2003-03-31,35914869226.27764,7810527435.077039,14023737939.242125,21798765357.50603,-2051667375.1434283,8749379339.843952,1.9672236000520745e+44
2003-04-30,48784053577.26582,26038010912.810577,27359708610.113735,36282781168.72285,4741972766.809556,19892968759.65459,1.9672236000520745e+44
2003-05-31,38232242663.51191,8817261179.167229,43161856276.18198,56436578618.08953,104482087912.3958,36089697534.568695,1.9672236000520745e+44
2003-06-30,-425512243939.69055,-30787147538.045544,-637996190496.6816,-299928816827.4127,-146563780985.56845,-308115773944.70416,1.9672236000520745e+44
2003-07-31,-348105852377.656,-134605301708.22443,-371755275787.37335,-321052806120.45856,-29546943756.665215,-287946772162.00055,1.9672236000520745e+44
2003-08-31,-263904284797.36514,-139889821173.49515,-46920584708.54984,-181915574335.10965,-84967982474.08943,-194689509119.70444,1.9672236000520745e+44
2003-09-30,-1966014307.4023645,11624634748.15597,61530246411.42348,60060933343.13561,112696918652.15952,66133823926.624886,1.9672236000520745e+44
2003-10-31,53539575894.01482,31987309765.387722,40387023232.118576,73796897742.29662,63839587778.40888,43611287857.415245,1.9672236000520745e+44
2003-11-30,41244420710.85479,7708572619.483575,16878112632.038605,38752014933.256004,29944171584.866104,22569451497.226433,1.9672236000520745e+44
2003-12-31,60081346953.47195,40070843878.781364,36033609822.672905,61897413426.700165,41311199017.208916,39432132342.10257,1.9672236000520745e+44
2004-01-31,46994308082.97936,18095197060.52064,21073238305.427177,36173760556.151596,49653488962.71305,31475237757.713486,1.9672236000520745e+44
2004-02-29,71788893126.45828,1737081726.3967638,44997312131.779755,80518508156.67941,101514994493.69487,58463279012.60349,1.9672236000520745e+44
2004-03-31,52927630377.327126,21316829370.62027,27449439009.253006,69149270707.55516,39384622910.044785,40537334159.1629,1.9672236000520745e+44
2004-04-30,42925505385.54285,9781810541.420582,17523585322.213196,18584647582.570927,3831324729.624861,14604980179.318802,1.9672236000520745e+44
2004-05-31,-79074612958.72873,9422606909.214943,-10090826965.72733,-27567022077.08702,-38275578188.990524,-20263250315.187634,1.9672236000520745e+44
2004-06-30,-337177045174.1844,-56933618673.985085,-358452796368.8775,-80337234885.93706,-51806404745.67203,-110171603930.321,1.9672236000520745e+44
2004-07-31,-368027309195.4699,-225599348687.74338,-383752652269.3921,-307141610198.31586,-87123317303.42268,-305098094823.0404,1.9672236000520745e+44
2004-08-31,-270047867023.56738,-176836086451.76642,-70156531908.02556,-193418210839.3241,-62865840557.30038,-214449791181.32785,1.9672236000520745e+44
2004-09-30,34924873298.56027,28604153336.31055,30335077034.93008,50973246670.85658,35779143053.369484,20641689990.323193,1.9672236000520745e+44
2004-10-31,84211784379.55553,58381288142.512054,65801672051.84304,106002960925.99747,127979384845.64581,91181010854.74934,1.9672236000520745e+44
2004-11-30,65117376936.42192,17167098943.061068,40121952133.21265,85135748021.2824,75868439884.43016,56071851373.924995,1.9672236000520745e+44
2004-12-31,43564347850.38614,19022424947.714565,17805204086.68758,54383289592.29677,35817352721.95579,36904011945.47536,1.9672236000520745e+44
2005-01-31,76222638544.99886,10309498124.905512,51366622713.719246,124059509584.69133,85973092702.37195,75792323257.42766,1.9672236000520745e+44
2005-02-28,107581936957.0343,5686586986.745828,68989671927.0455,130613499696.78307,96703625450.00102,100933229725.48936,1.9672236000520745e+44
2005-03-31,70129208777.603,39143437469.54189,45750200102.709206,82397993168.36739,80810148843.83316,68286606836.36468,1.9672236000520745e+44
2005-04-30,48742855745.50613,24698403338.915577,23957576976.267628,26600255486.873096,28712046809.917534,29019501846.963615,1.9672236000520745e+44
2005-05-31,4705554018.530724,21081530349.538525,17541270182.275436,27884877272.916332,15277285188.7592,4536461263.819347,1.9672236000520745e+44
2005-06-30,-387296110777.86383,-40489893554.50276,-510268066203.8542,-125652043702.75362,-121191627144.45248,-117053159183.8838,1.9672236000520745e+44
2005-07-31,-407972775603.0039,-183485740247.3948,-528528806149.2787,-331147822861.6255,-139916580925.79752,-352616457494.14514,1.9672236000520745e+44
2005-08-31,-244857793587.90875,-121534035726.36043,-46208847263.68809,-234890264122.22736,-56589240162.08539,-164672951511.83633,1.9672236000520745e+44
2005-09-30,52360593703.284355,20068089744.111122,31311804883.274952,37888540305.26655,49713043696.633934,28403725516.13628,1.9672236000520745e+44
2005-10-31,66873505325.09951,23891008935.734695,45201779441.86433,61278436717.727844,89689706531.36003,47771981670.29293,1.9672236000520745e+44
2005-11-30,73629416066.11432,14809615450.226587,46677622554.73668,59511645412.13315,53525580028.57183,52397561011.43059,1.9672236000520745e+44
2005-12-31,39290228599.84122,27351340613.94428,12674687096.805807,27279237231.117104,9665051002.051443,23055393768.91025,1.9672236000520745e+44
2006-01-31,33120714089.720856,15614192328.576883,13795591695.034218,27577465660.7203,19544462230.757828,19750471642.01043,1.9672236000520745e+44
2006-02-28,30708616123.395615,11277570565.159039,9964996531.306082,21683100943.366577,-3510926151.2263055,7791875721.359291,1.9672236000520745e+44
2006-03-31,24678325941.281357,34465014835.37107,5331702745.64998,5926421129.225077,-12073250097.50986,2506849550.683845,1.9672236000520745e+44
2006-04-30,61345693260.768616,2441651305.5681624,42225669213.11819,75711322701.17169,87021452791.61815,54675898925.117805,1.9672236000520745e+44
2006-05-31,-34064121273.503662,17007037654.653181,17166433888.574997,23051801635.3665,19416466777.490696,1330376353.3535926,1.9672236000520745e+44
2006-06-30,-230451669803.79977,3220464091.7520847,-93054763460.62157,-12584655152.122072,4397656445.4785595,-6928200913.4793215,1.9672236000520745e+44
2006-07-31,-383046580858.61487,-153935499935.48965,-396321983365.989,-290890009027.678,-155290110740.4183,-330697135248.0624,1.9672236000520745e+44
2006-08-31,-311282458052.44055,-165654899806.19257,-147490336439.22318,-250965526086.2301,-101667658754.08546,-206587383272.8845,1.9672236000520745e+44
2006-09-30,-15334689305.095205,48263650605.03271,6221695039.089055,-5293763266.466634,-24868287911.857784,-5455579785.212792,1.9672236000520745e+44
2006-10-31,42389153534.01534,17824446140.590027,24375750899.21877,15600067311.922192,22503881992.578625,25034120382.79749,1.9672236000520745e+44
2006-11-30,40403021312.6386,17837992523.12918,20348785109.855816,49631659762.8161,52319017992.322296,33582606228.121696,1.9672236000520745e+44
2006-12-31,39791496340.98339,11480834527.950285,21155867120.895515,46057630756.68074,30083680678.749348,33303371014.44223,1.9672236000520745e+44
2007-01-31,78576483422.98848,10840235050.663303,57464663285.79943,113480707132.51588,88474690230.98543,93209126325.0565,1.9672236000520745e+44
2007-02-28,28603664243.762993,6629692689.836078,3386898501.422971,-4286616901.711197,-13674471245.33787,-817200294.5014094,1.9672236000520745e+44
2007-03-31,52059000238.148224,23326135618.37398,30514538810.465675,46744386606.68931,49680222972.62946,34934294081.48782,1.9672236000520745e+44
2007-04-30,45663380610.89597,22681311818.062763,21805526296.71512,35084753671.746445,29287956890.1006,26337596360.50315,1.9672236000520745e+44
2007-05-31,33397456708.04039,15836836845.709915,26769930218.16899,64332678283.199104,42870950785.009995,42320394633.33082,1.9672236000520745e+44
2007-06-30,-355981150207.8741,-60533313834.9548,-452546084218.4224,-139021761012.5295,-110728447504.01694,-127060813385.69455,1.9672236000520745e+44
2007-07-31,-422724952414.0619,-239523501832.50668,-593753936314.8618,-503320140275.2478,-192486206233.54327,-467496669738.3692,1.9672236000520745e+44
2007-08-31,-330874632277.1442,-115903826029.92557,-193963562976.79083,-320377787712.89594,-96924347382.39578,-278026447676.37823,1.9672236000520745e+44
2007-09-30,50764311869.86481,-17169950355.977652,41346137033.657394,45446681163.332275,43886974484.27364,41656523620.84003,1.9672236000520745e+44
2007-10-31,45629486066.2184,66312241309.71428,23822466970.384266,31389180521.805195,16132694652.790785,32299897138.20677,1.9672236000520745e+44
2007-11-30,96246457948.06316,13801081319.785831,63050755298.233826,144032379690.76895,130729332620.97142,119121226099.75172,1.9672236000520745e+44
2007-12-31,33439750624.891148,11361562058.558537,8929770903.202032,11045864983.466326,-5275524065.369142,9944423958.047363,1.9672236000520745e+44
2008-01-31,31819466655.22425,16197240349.320873,6135712807.828953,5023058306.051492,-8123655207.769888,6224992725.84183,1.9672236000520745e+44
2008-02-29,34669885247.995544,5218559295.265335,9099176799.035769,24017832692.7052,6198701209.294554,15280638485.41724,1.9672236000520745e+44
2008-03-31,44802281902.18063,13489981589.781502,21651814940.11693,24493505719.04454,23764208765.39298,24811728571.371902,1.9672236000520745e+44
2008-04-30,75597917818.6579,24330209027.76905,54981241645.0688,80358369128.3298,67519969867.051575,61768943773.82808,1.9672236000520745e+44
2008-05-31,-53094502745.51544,-8400259853.9614525,1167221154.9739523,-13178116065.429314,-27180020890.518314,-5583938106.830315,1.9672236000520745e+44
2008-06-30,-345227107461.1327,-76927382277.03235,-490986815914.0618,-166351794758.4449,-77696791792.61772,-113856509830.86018,1.9672236000520745e+44
2008-07-31,-452965771088.4133,-269437451020.3213,-692285312996.9819,-377411817560.2032,-141034219522.1836,-329242502772.60474,1.9672236000520745e+44
2008-08-31,-251151996634.48996,-136422529751.86044,-26187573001.136612,-154612685100.88693,-26116950016.92378,-110106539618.88405,1.9672236000520745e+44
2008-09-30,44085325213.7174,4348206327.896903,45221228005.08234,49316106955.43829,46513226123.67636,34995978677.406265,1.9672236000520745e+44
2008-10-31,105057574951.70726,21334213506.18852,86864689083.57306,135490263478.11647,144663865639.92834,156958995701.1534,1.9672236000520745e+44
2008-11-30,52147813317.75839,18624994740.028366,27504413094.91153,58324102243.62967,85993607230.6508,49607995135.413925,1.9672236000520745e+44
2008-12-31,57750908965.409294,47877274485.015915,33416071368.29619,75289185646.26945,20594531970.084587,35151196963.67773,1.9672236000520745e+44
2009-01-31,18506448386.434277,5114962829.061065,4329380216.813885,-2215747761.1293674,-6114774259.788962,3820598038.5555544,1.9672236000520745e+44
2009-02-28,20550793858.053223,7284830876.096939,5733925150.202425,-909789470.8738289,-10589158417.22482,4569943211.267712,1.9672236000520745e+44
2009-03-31,21101095916.977905,8673019628.806976,7486073732.466877,10971423943.33574,6076914234.364521,7929347514.629212,1.9672236000520745e+44
2009-04-30,22930080937.56666,24858209806.305347,10423609212.08235,7271365207.751072,1849482233.3077114,8811716956.233917,1.9672236000520745e+44
2009-05-31,-1125428785.3609667,28382787322.94377,2629402996.7095246,-17135635452.365786,-12264770545.957136,-14354615983.144644,1.9672236000520745e+44
2009-06-30,-221283525566.1654,-31685933068.63104,-169666187347.29562,-82763677728.32219,-12282666768.26755,-19380961179.87705,1.9672236000520745e+44
2009-07-31,-374667497946.9629,-158166832612.46326,-415690641454.00885,-321822990366.51337,-158089608011.52618,-272411626050.93582,1.9672236000520745e+44
2009-08-31,-208228103872.86133,-132967828967.00623,-52912432496.52488,-215415182652.57227,-68279770853.14676,-174602060270.1803,1.9672236000520745e+44
2009-09-30,47276519929.181564,59847348725.176384,43949356021.656944,48421355915.479805,58894905602.009094,55053699634.43225,1.9672236000520745e+44
2009-10-31,48341003965.66639,16337326310.739326,36996289551.05612,70106223013.10574,62710631640.59239,55462796888.1126,1.9672236000520745e+44
2009-11-30,24611221781.96956,6841133231.267145,10759601621.180107,22782017911.67674,12529138264.668718,16207939437.532076,1.9672236000520745e+44
2009-12-31,34256724634.98464,21492481899.702644,22150288513.825367,49980005676.66976,-11592012745.500622,24380359523.161938,1.9672236000520745e+44
2010-01-31,75415516179.95657,18385428432.67106,55985255436.75724,100918644531.83253,126177251812.13005,79187120293.30711,1.9672236000520745e+44
2010-02-28,45304368662.64768,29309945260.549908,22055356825.544518,47920677523.699974,40383252368.15119,29078811144.28674,1.9672236000520745e+44
2010-03-31,30239652304.945644,21099109919.35335,8708392697.41504,14329351023.633028,1634813460.0940516,13943230629.837225,1.9672236000520745e+44
2010-04-30,32478830112.972282,12882883351.703781,13774847244.307583,21851241113.41099,5096167044.775401,14975252406.892336,1.9672236000520745e+44
2010-05-31,-125517997853.90778,7254030837.280359,19075789480.522987,15984669724.755957,44862985432.63498,21880502729.26093,1.9672236000520745e+44
2010-06-30,-351981924511.2216,-124540552747.71889,-441768681438.30115,-283507564017.79987,-93088001245.69717,-266997331357.982,1.9672236000520745e+44
2010-07-31,-381831984496.9702,-356225711721.7568,-457306002869.1296,-492271444680.2099,-174432587902.48465,-450269175408.3513,1.9672236000520745e+44
2010-08-31,-348860801523.45435,-147602967474.09753,-205836842441.24747,-390401841063.55286,-144118198577.9891,-295120509665.8826,1.9672236000520745e+44
2010-09-30,-56186013741.15499,30902214142.73683,18648997306.378242,-33585524712.178234,-47402256296.77433,-17908853623.55089,1.9672236000520745e+44
2010-10-31,31318610172.301342,32046172001.63294,10895452258.290598,11448475366.389725,-8734778925.753607,17846917481.675552,1.9672236000520745e+44
2010-11-30,70215285214.98198,14784490662.192175,46403515666.564926,84947593904.37079,61090160052.50101,61407927590.12617,1.9672236000520745e+44
2010-12-31,94053976536.27113,7021475073.0841465,73962858498.90433,134852707548.49814,151670816780.80353,116131446167.747,1.9672236000520745e+44
2011-01-31,50479831435.29361,26998139323.4264,33797564129.202797,83853728769.3271,66235572560.78899,38757946793.236855,1.9672236000520745e+44
2011-02-28,29128338462.83515,13731051082.226894,11401780682.727623,9392692802.689295,-11137106293.760403,14472513008.610146,1.9672236000520745e+44
2011-03-31,41957310837.04821,22527184329.38216,27725498660.32848,45858708348.425514,51467722660.173225,36891685724.40851,1.9672236000520745e+44
2011-04-30,25022176067.20202,21368937448.505905,6467387132.867835,14611067430.097542,1610451138.636944,11466330236.438887,1.9672236000520745e+44
2011-05-31,14870505527.353567,18973737712.916325,12603995200.573128,12056670398.543798,-8129350797.661612,5058768804.030976,1.9672236000520745e+44
2011-06-30,-283873452812.6936,-71462791347.46913,-279422968122.6723,-144881284081.92935,-70354880971.64423,-178613385598.5657,1.9672236000520745e+44
2011-07-31,-445475956057.3271,-260018991026.149,-571154553380.8179,-597417636347.2882,-209133204136.38278,-551914791670.4241,1.9672236000520745e+44
2011-08-31,-214152261886.09637,-208951869809.20898,7321858433.638331,-280905617796.69434,-35949597536.89622,-197611809682.5004,1.9672236000520745e+44
2011-09-30,20475107623.404133,-16007998338.607105,20855649201.484028,23242678955.523518,8602342909.836922,16243243517.622025,1.9672236000520745e+44
2011-10-31,46002373938.10611,25666931377.465046,28998282133.475998,46701819560.64195,45236638510.27938,38905440375.66866,1.9672236000520745e+44
2011-11-30,32676937786.905445,16030836195.260572,13596295206.4677,17341024805.222836,1295058232.881927,21122707287.416794,1.9672236000520745e+44
2011-12-31,26261089004.345905,28256030817.24968,7507412312.802646,16695306064.82562,5701564847.715419,11957515427.197731,1.9672236000520745e+44
2012-01-31,38535394805.75904,3286644248.364756,11930339705.680035,24636700858.224174,1449488144.9471347,19929013736.920437,1.9672236000520745e+44
2012-02-29,58646315171.13369,2886865576.535194,31671778615.09423,54344341111.61238,60765378906.12539,36609721598.29546,1.9672236000520745e+44
2012-03-31,39847824183.45458,32383055142.40531,13962066801.80636,34650211271.71206,6169609232.24803,19058048517.893166,1.9672236000520745e+44
2012-04-30,69950924821.99841,13961181659.617142,47894069239.05172,66615140189.427124,85685797942.45895,52183320777.20826,1.9672236000520745e+44
2012-05-31,-28080964407.967155,-3585352816.8044763,19824064888.91822,32763926670.712612,-9960494514.846262,21055295804.014294,1.9672236000520745e+44
2012-06-30,-430778605562.6095,-44224464599.89132,-605494301766.4257,-352167290467.9007,-202287903702.6142,-373718443050.50073,1.9672236000520745e+44
2012-07-31,-461587624729.77814,-225267317578.74588,-653138978424.9718,-670138276816.4174,-263262902050.12683,-626458642495.0244,1.9672236000520745e+44
2012-08-31,-268338103749.9419,-146065338439.9897,-75931148430.36496,-315721865857.0646,-122264595333.70895,-255996075138.7724,1.9672236000520745e+44
2012-09-30,52878166956.16582,13215694301.259693,57833004086.74228,64305195426.497086,78012704231.18513,51608384509.19802,1.9672236000520745e+44
2012-10-31,84947177327.82373,41633015114.4388,62639495155.10807,88759658426.72684,140230802047.5868,82002037321.7277,1.9672236000520745e+44
2012-11-30,60379840373.577385,11196379093.734705,34193732154.54037,57065431116.12915,60748205736.91035,45393501213.20656,1.9672236000520745e+44
2012-12-31,49615782697.30143,26895445195.883087,23565997439.506603,54885286475.14547,18811736907.19439,29251484497.78613,1.9672236000520745e+44
